0.0094 0.0015 0.0043 0.0055 0.0003 0.0014 0.0005 0.0003 0.0006 0.0003 0.0003 0.0010 0.0017 0.0002 0.0007 0.0009 
0.0015 0.0122 0.0025 0.0042 0.0007 0.0008 0.0004 0.0012 0.0012 0.0003 0.0020 0.0025 0.0013 0.0004 0.0007 0.0014 
0.0043 0.0025 0.0274 0.0133 0.0007 0.0029 0.0017 0.0006 0.0006 0.0004 0.0007 0.0005 0.0050 0.0006 0.0016 0.0031 
0.0055 0.0042 0.0133 0.0870 0.0040 0.0068 0.0008 0.0018 0.0015 0.0011 0.0013 0.0014 0.0004 0.0002 0.0006 0.0011 
0.0003 0.0007 0.0007 0.0040 0.0037 0.0025 0.0005 0.0008 0.0001 0.0002 0.0008 0.0002 0.0002 0.0001 0.0001 0.0001 
0.0014 0.0008 0.0029 0.0068 0.0025 0.0218 0.0006 0.0012 0.0002 0.0007 0.0018 0.0024 0.0043 0.0002 0.0004 0.0005 
0.0005 0.0004 0.0017 0.0008 0.0005 0.0006 0.0014 0.0002 0.0002 0.0001 0.0002 0.0004 0.0026 0.0003 0.0005 0.0009 
0.0003 0.0012 0.0006 0.0018 0.0008 0.0012 0.0002 0.0045 0.0003 0.0005 0.0021 0.0008 0.0008 0.0001 0.0006 0.0002 
0.0006 0.0012 0.0006 0.0015 0.0001 0.0002 0.0002 0.0003 0.0027 0.0003 0.0006 0.0009 0.0005 0.0001 0.0002 0.0009 
0.0003 0.0003 0.0004 0.0011 0.0002 0.0007 0.0001 0.0005 0.0003 0.0011 0.0007 0.0006 0.0008 0.0001 0.0001 0.0003 
0.0003 0.0020 0.0007 0.0013 0.0008 0.0018 0.0002 0.0021 0.0006 0.0007 0.0178 0.0022 0.0065 0.0004 0.0002 0.0006 
0.0010 0.0025 0.0005 0.0014 0.0002 0.0024 0.0004 0.0008 0.0009 0.0006 0.0022 0.0167 0.0093 0.0009 0.0012 0.0006 
0.0017 0.0013 0.0050 0.0004 0.0002 0.0043 0.0026 0.0008 0.0005 0.0008 0.0065 0.0093 0.2038 0.0046 0.0038 0.0057 
0.0002 0.0004 0.0006 0.0002 0.0001 0.0002 0.0003 0.0001 0.0001 0.0001 0.0004 0.0009 0.0046 0.0039 0.0006 0.0010 
0.0007 0.0007 0.0016 0.0006 0.0001 0.0004 0.0005 0.0006 0.0002 0.0001 0.0002 0.0012 0.0038 0.0006 0.0062 0.0009 
0.0009 0.0014 0.0031 0.0011 0.0001 0.0005 0.0009 0.0002 0.0009 0.0003 0.0006 0.0006 0.0057 0.0010 0.0009 0.0076 
