#ID             A       R       N       D       C       Q       E       G       H       I       L       K       M       F       P       S       T       W       Y       V
ARGP820103     1.56    0.45    0.27    0.14    1.23    0.51    0.23    0.62    0.29    1.67    2.93    0.15    2.96    2.03    0.76    0.81    0.91    1.08    0.68    1.14
BHAR880101    0.357   0.529   0.463   0.511   0.346   0.493   0.497   0.544   0.323   0.462   0.365   0.466   0.295   0.314   0.509   0.507   0.444   0.305   0.420   0.386
CHAM810101     0.52    0.68    0.76    0.76    0.62    0.68    0.68    0.00    0.70    1.02    0.98    0.68    0.78    0.70    0.36    0.53    0.50    0.70    0.70    0.76
CHAM820101    0.046   0.291   0.134   0.105   0.128   0.180   0.151   0.000   0.230   0.186   0.186   0.219   0.221   0.290   0.131   0.062   0.108   0.409   0.298   0.140
CHAM830101     0.71    1.06    1.37    1.21    1.19    0.87    0.84    1.52    1.07    0.66    0.69    0.99    0.59    0.71    1.61    1.34    1.08    0.76    1.07    0.63
CHAM830107       0.      0.      1.      1.      0.      0.      1.      1.      0.      0.      0.      0.      0.      0.      0.      0.      0.      0.      0.      0.
CHAM830108       0.      1.      1.      0.      1.      1.      0.      0.      1.      0.      0.      1.      1.      1.      0.      0.      0.      1.      1.      0.
CHOP780201     1.42    0.98    0.67    1.01    0.70    1.11    1.51    0.57    1.00    1.08    1.21    1.16    1.45    1.13    0.57    0.77    0.83    1.08    0.69    1.06
CHOP780202     0.83    0.93    0.89    0.54    1.19    1.10    0.37    0.75    0.87    1.60    1.30    0.74    1.05    1.38    0.55    0.75    1.19    1.37    1.47    1.70
CHOP780203     0.74    1.01    1.46    1.52    0.96    0.96    0.95    1.56    0.95    0.47    0.50    1.19    0.60    0.66    1.56    1.43    0.98    0.60    1.14    0.59
CIDH920105     0.02   -0.42   -0.77   -1.04    0.77   -1.10   -1.14   -0.80    0.26    1.81    1.14   -0.41    1.00    1.35   -0.09   -0.97   -0.77    1.71    1.11    1.13
FASG760101    89.09  174.20  132.12  133.10  121.15  146.15  147.13   75.07  155.16  131.17  131.17  146.19  149.21  165.19  115.13  105.09  119.12  204.24  181.19  117.15
FAUJ880102     0.53    0.69    0.58    0.59    0.66    0.71    0.72    0.00    0.64    0.96    0.92    0.78    0.77    0.71      0.    0.55    0.63    0.84    0.71    0.89
FAUJ880103     1.00    6.13    2.95    2.78    2.43    3.95    3.78    0.00    4.66    4.00    4.00    4.77    4.43    5.89    2.72    1.60    2.60    8.08    6.47    3.00
FAUJ880104     2.87    7.82    4.58    4.74    4.47    6.11    5.97    2.06    5.23    4.92    4.92    6.89    6.36    4.62    4.11    3.97    4.11    7.68    4.73    4.11
FAUJ880105     1.52    1.52    1.52    1.52    1.52    1.52    1.52    1.00    1.52    1.90    1.52    1.52    1.52    1.52    1.52    1.52    1.73    1.52    1.52    1.90
FAUJ880106     2.04    6.24    4.37    3.78    3.41    3.53    3.31    1.00    5.66    3.49    4.45    4.87    4.80    6.02    4.31    2.70    3.17    5.90    6.72    3.17
FAUJ880109       0.      4.      2.      1.      0.      2.      1.      0.      1.      0.      0.      2.      0.      0.      0.      1.      1.      1.      1.      0.
FAUJ880110       0.      3.      3.      4.      0.      3.      4.      0.      1.      0.      0.      1.      0.      0.      0.      2.      2.      0.      2.      0.
FAUJ880111       0.      1.      0.      0.      0.      0.      0.      0.      1.      0.      0.      1.      0.      0.      0.      0.      0.      0.      0.      0.
FAUJ880112       0.      0.      0.      1.      0.      0.      1.      0.      0.      0.      0.      0.      0.      0.      0.      0.      0.      0.      0.      0.
FAUJ880113     4.76    4.30    3.64    5.69    3.67    4.54    5.48    3.77    2.84    4.81    4.79    4.27    4.25    4.31      0.    3.83    3.87    4.75    4.30    4.86
GRAR740102      8.1    10.5    11.6    13.0     5.5    10.5    12.3     9.0    10.4     5.2     4.9    11.3     5.7     5.2     8.0     9.2     8.6     5.4     6.2     5.9
JANJ780102      51.      5.     22.     19.     74.     16.     16.     52.     34.     66.     60.      3.     52.     58.     25.     35.     30.     49.     24.     64.
JANJ780103      15.     67.     49.     50.      5.     56.     55.     10.     34.     13.     16.     85.     20.     10.     45.     32.     32.     17.     41.     14.
JOND920102     100.     83.    104.     86.     44.     84.     77.     50.     91.    103.     54.     72.     93.     51.     58.    117.    107.     25.     50.     98.
JUNJ780101     685.    382.    397.    400.    241.    313.    427.    707.    155.    394.    581.    575.    132.    303.    366.    593.    490.     99.    292.    553.
KLEP840101       0.      1.      0.     -1.      0.      0.     -1.      0.      0.      0.      0.      1.      0.      0.      0.      0.      0.      0.      0.      0.
KRIW790101     4.32    6.55    6.24    6.04    1.73    6.13    6.17    6.09    5.66    2.31    3.93    7.92    2.44    2.59    7.19    5.37    5.16    2.78    3.58    3.31
KYTJ820101      1.8    -4.5    -3.5    -3.5     2.5    -3.5    -3.5    -0.4    -3.2     4.5     3.8    -3.9     1.9     2.8    -1.6    -0.8    -0.7    -0.9    -1.3     4.2
LEVM760102     0.77    3.72    1.98    1.99    1.38    2.58    2.63    0.00    2.76    1.83    2.08    2.94    2.34    2.97    1.42    1.28    1.43    3.58    3.36    1.49
LEVM760103    121.9   121.4   117.5   121.2   113.7   118.0   118.2      0.   118.2   118.9   118.1   122.0   113.1   118.2    81.9   117.9   117.1   118.4   110.0   121.7
LEVM760104    243.2   206.6   207.1   215.0   209.4   205.4   213.6   300.0   219.9   217.9   205.6   210.9   204.0   203.7   237.4   232.0   226.7   203.7   195.6   220.3
LEVM760105     0.77    2.38    1.45    1.43    1.22    1.75    1.77    0.58    1.78    1.56    1.54    2.08    1.80    1.90    1.25    1.08    1.24    2.21    2.13    1.29
LEVM760106      5.2     6.0     5.0     5.0     6.1     6.0     6.0     4.2     6.0     7.0     7.0     6.0     6.8     7.1     6.2     4.9     5.0     7.6     7.1     6.4
LEVM760107    0.025    0.20    0.10    0.10    0.10    0.10    0.10   0.025    0.10    0.19    0.19    0.20    0.19    0.39    0.17   0.025    0.10    0.56    0.39    0.15
NISK800101     0.23   -0.26   -0.94   -1.13    1.78   -0.57   -0.75   -0.07    0.11    1.19    1.03   -1.05    0.66    0.48   -0.76   -0.67   -0.36    0.90    0.59    1.24
NISK860101    -0.22   -0.93   -2.65   -4.12    4.66   -2.76   -3.64   -1.62    1.28    5.58    5.01   -4.18    3.51    5.27   -3.03   -2.84   -1.20    5.20    2.15    4.45
PONP800101    12.28   11.49   11.00   10.97   14.93   11.28   11.19   12.01   12.84   14.77   14.10   10.80   14.33   13.43   11.19   11.26   11.65   12.95   13.29   15.07
RACS770103     1.16    1.72    1.97    2.66    0.50    3.87    2.40    1.63    0.86    0.57    0.51    3.90    0.40    0.43    2.04    1.61    1.48    0.75    1.72    0.59
RADA880108    -0.06   -0.84   -0.48   -0.80    1.36   -0.73   -0.77   -0.41    0.49    1.31    1.21   -1.18    1.27    1.27      0.   -0.50   -0.27    0.88    0.33    1.09
ROSG850101     86.6   162.2   103.3    97.8   132.3   119.2   113.9    62.9   155.8   158.0   164.1   115.5   172.9   194.1    92.9    85.6   106.5   224.6   177.7   141.0
ROSG850102     0.74    0.64    0.63    0.62    0.91    0.62    0.62    0.72    0.78    0.88    0.85    0.52    0.85    0.88    0.64    0.66    0.70    0.85    0.76    0.86
ROSM880102    -0.67    3.89    2.27    1.57   -2.00    2.12    1.78    0.00    1.09   -3.02   -3.02    2.46   -1.67   -3.24   -1.75    0.10   -0.42   -2.86    0.98   -2.18
WARP780101    10.04    6.18    5.63    5.76    8.89    5.41    5.37    7.99    7.49    8.72    8.79    4.40    9.15    7.98    7.79    7.08    7.00    8.07    6.90    8.88
WOLR810101     1.94  -19.92   -9.68  -10.95   -1.24   -9.38  -10.20    2.39  -10.27    2.15    2.28   -9.52   -1.48   -0.76   -3.68   -5.06   -4.88   -5.88   -6.11    1.99
VINM940101    0.984   1.008   1.048   1.068   0.906   1.037   1.094   1.031   0.950   0.927   0.935   1.102   0.952   0.915   1.049   1.046   0.997   0.904   0.929   0.931
TAKK010101      9.8     7.3     3.6     4.9     3.0     2.4     4.4       0    11.9    17.2    17.0    10.5    11.9    23.0    15.0     2.6     6.9    24.2    17.2    15.3
MONM990201      0.4     1.5     1.6     15.     0.7     1.4     1.3     1.1     1.4     0.5     0.3     1.4     0.5     0.3     1.6     0.9     0.7     0.9     0.9     0.4
KOEP990101    -0.04   -0.30    0.25    0.27    0.57   -0.02   -0.33    1.24   -0.11   -0.26   -0.38   -0.18   -0.09   -0.01      0.    0.15    0.39    0.21    0.05   -0.06
KOEP990102    -0.12    0.34    1.05    1.12   -0.63    1.67    0.91    0.76    1.34   -0.77    0.15    0.29   -0.71   -0.67      0.    1.45   -0.70   -0.14   -0.49   -0.70
MITS020101        0    2.45       0       0       0    1.25    1.27       0    1.45       0       0    3.67       0       0       0       0       0    6.93    5.06       0
COSI940101   0.0373  0.0959  0.0036  0.1263  0.0829  0.0761  0.0058  0.0050  0.0242  0.0000  0.0000  0.0371  0.0823  0.0946  0.0198  0.0829  0.0941  0.0548  0.0516  0.0057
PONP930101     0.85    0.20   -0.48   -1.10    2.10   -0.42   -0.79       0    0.22    3.14    1.99   -1.19    1.42    1.69   -1.14   -0.52   -0.08    1.76    1.37    2.53
ZHOH040102     1.79    3.20    2.83    2.33    2.22    2.37    2.52    0.70    3.06    4.59    4.72    2.50    3.91    4.84    2.45    1.82    2.45    5.64    4.46    3.67
ZHOH040103     13.4     8.5     7.6     8.2    22.6     8.5     7.3     7.0    11.3    20.3    20.8     6.1    15.7    23.9     9.9     8.2    10.3    24.5    19.5    19.5
BAEK050101   0.0166 -0.0762 -0.0786 -0.1278  0.5724 -0.1051 -0.1794 -0.0442  0.1643  0.2758  0.2523 -0.2134  0.0197  0.3561 -0.4188 -0.1629 -0.0701  0.3836  0.2500  0.1782
CASG920101      0.2    -0.7    -0.5    -1.4     1.9    -1.1    -1.3    -0.1     0.4     1.4     0.5    -1.6     0.5     1.0    -1.0    -0.7    -0.4     1.6     0.5     0.7
